common:
    # lid_topic:  "/livox/lidar_192_168_1_156"
    # imu_topic:  "/livox/imu_192_168_1_156"
    # lid_topic:  "/livox/lidar_192_168_1_152"
    # imu_topic:  "/livox/imu_192_168_1_152" 
    lid_topic:  "/livox/lidar_192_168_1_146"
    imu_topic:  "/livox/imu_192_168_1_146"
    cloud_deskewed_topic: "/fastlio_pc"
    odometry_topic: "/fastlio_odom"
    time_sync_en: false         # ONLY turn on when external time synchronization is really not possible

preprocess:
    lidar_type: 1                # 1 for Livox serials LiDAR, 2 for Velodyne LiDAR, 3 for ouster LiDAR, 
    scan_line: 4
    blind: 4

mapping:
    acc_cov: 0.1
    gyr_cov: 0.1
    b_acc_cov: 0.0001
    b_gyr_cov: 0.0001
    fov_degree:    60
    det_range:     50.0
    extrinsic_est_en:  false      # true: enable the online estimation of IMU-LiDAR extrinsic
    extrinsic_T: [ -0.011, -0.0234, 0.044 ]
    extrinsic_R: [ 0.9999161, 0.0026676,  0.0126707,
                   -0.0025826, 0.9999741, -0.0067201,
                   -0.0126883, 0.0066868,  0.9998971]
    init_T: [ 0.298375, -0.00120827, 0.131974 ]
    init_R: [ 0.460357,    0.459737,    0.758802,
              -0.705492,    0.708506,  -0.0012503, 
              -0.538575,   -0.535138,    0.651286]
    # init_T: [ -0.011, -0.0234, 0.044 ]
    # init_R: [ 0.9999161, 0.0026676,  0.0126707,
    #                -0.0025826, 0.9999741, -0.0067201,
    #                -0.0126883, 0.0066868,  0.9998971]

publish:
    path_en:  false
    scan_publish_en:  true       # false: close all the point cloud output
    dense_publish_en: true       # false: low down the points number in a global-frame point clouds scan.
    scan_bodyframe_pub_en: true  # true: output the point cloud scans in IMU-body-frame

pcd_save:
    pcd_save_en: false
    interval: -1                 # how many LiDAR frames saved in each pcd file; 
                                 # -1 : all frames will be saved in ONE pcd file, may lead to memory crash when having too much frames.
